6.583575284278012987e+04
5.941128605354072351e+04
5.382223929225467873e+04
5.028765688159868296e+04
4.647786637033133593e+04
3.519231748676270945e+04
3.369988486098378780e+04
3.076121534367583808e+04
2.858546651454551102e+04
2.563634769773369408e+04
2.532201832354103681e+04
1.906076952360319410e+04
1.813667886755666404e+04
1.802741110894269514e+04
1.706071522941095463e+04
1.497940486411448910e+04
1.454688918353373083e+04
1.093013765952938775e+04
1.024162404138451711e+04
1.020614128824411091e+04
8.741922661039199738e+03
7.095059033634543994e+03
6.015725989488608320e+03
4.417059578169301858e+03
4.377286169980653540e+03
4.280937058155381237e+03
4.280514917077197424e+03
3.263467994485997679e+03
2.700640043316950141e+03
2.536115240322470981e+03
2.272169750399822988e+03
1.496896044437119826e+03
1.344444796649461978e+03
1.297606175691414364e+03
9.938006961152241274e+02
2.826880114431153856e+02
1.885800102279016812e+02
0.000000000000000000e+00
0.000000000000000000e+00
